45.5 0.0861728395061729 0.08678599442081289 0.0855596845915329 
46.5 0.34683127572015104 0.3504676085653149 0.3431949428749872 
47.5 0.5092181069958439 0.5106341276159336 0.5078020863757542 
48.5 0.35090534979422433 0.3536425167322182 0.34816818285623047 
49.5 0.9286008230453341 0.9342908582712508 0.9229107878194174 
50.5 4.96415637859836 4.978365653874369 4.9499471033223506 
51.5 4.7572016460882045 4.760165180555262 4.754238111621147 
52.5 2.0303292181064183 2.055287107414535 2.0053713287983017 
53.5 1.7703292181065855 1.7817560686797045 1.7589023675334665 
54.5 3.624773662549837 3.6351930710697378 3.6143542540299363 
55.5 4.3792592592571715 4.383069789966526 4.375448728547817 
56.5 3.1815226337435383 3.1853957591973145 3.177649508289762 
57.5 2.558353909464103 2.562635722872156 2.55407209605605 
58.5 3.2112345678998975 3.2282710085168698 3.194198127282925 
59.5 3.816460905348068 3.822024533076107 3.8108972776200285 
60.5 3.472839506171334 3.5051318946538874 3.440547117688781 
61.5 3.077283950616033 3.087498834365872 3.067069066866194 
62.5 3.2315226337435057 3.262010434639724 3.2010348328472875 
63.5 3.4893827160478668 3.4941332631756707 3.484632168920063 
64.5 3.4279423868297996 3.4492186243763285 3.4066661492832706 
65.5 3.309711934154978 3.3258075728896 3.293616295420356 
66.5 3.330905349792825 3.340792347003692 3.321018352581958 
67.5 3.392345679010892 3.3933177787484237 3.3913735792733606 
68.5 3.3787654320973206 3.389084233921495 3.368446630273146 
69.5 3.4006584362125327 3.411289269433905 3.3900276029911605 
70.5 3.3803292181055498 3.392034559682057 3.3686238765290426 
71.5 3.276790123455411 3.2820201859625078 3.271560060948314 
72.5 3.3061316872414004 3.3181327766825883 3.2941305978002124 
73.5 3.4432510288050984 3.4791374541833044 3.4073646034268923 
74.5 3.4293004115211563 3.441154977968384 3.4174458450739285 
75.5 3.2909876543195993 3.312845434083293 3.2691298745559054 
76.5 3.259753086418385 3.264256580746054 3.2552495920907156 
77.5 3.4435802469120937 3.453348688229175 3.4338118055950124 
78.5 3.492098765430581 3.505534963667255 3.4786625671939073 
79.5 3.2766255144019127 3.2838820950037846 3.269368933800041 
80.5 3.217119341562445 3.229319859903925 3.204918823220965 
81.5 3.4329218106981085 3.449992015584594 3.415851605811623 
82.5 3.5124691358009383 3.5366471324512676 3.488291139150609 
83.5 3.2275308641961833 3.242110269572208 3.2129514588201586 
84.5 3.1723456790110336 3.181627681258205 3.163063676763862 
85.5 3.534567901233023 3.5403699325622693 3.5287658699037765 
86.5 3.5759259259243543 3.58325957793832 3.568592273910389 
87.5 3.173621399175642 3.194526667961318 3.1527161303899662 
88.5 3.017572016459693 3.0336297329833233 3.001514299936063 
89.5 3.5566666666651074 3.6094891515201453 3.5038441818100696 
90.5 3.8913991769529583 3.916450530667904 3.8663478232380126 
91.5 3.2465020576118087 3.2874351778272377 3.2055689373963796 
92.5 2.691440329217104 2.7158032337763265 2.6670774246578812 
93.5 3.423086419751613 3.4517225409072654 3.394450298595961 
94.5 4.310946502055569 4.32837165523573 4.293521348875408 
95.5 3.5032921810684337 3.527848257659756 3.4787361044771115 
96.5 2.3445267489704134 2.3475597573280558 2.341493740612771 
97.5 3.035884773661327 3.053906740120133 3.0178628072025204 
98.5 4.765226337446223 4.799294794866827 4.731157880025619 
99.5 4.122386831273797 4.145951739851071 4.098821922696523 
100.5 2.0365432098759615 2.0660325898795646 2.0070538298723584 
101.5 2.3695061728387103 2.3744823646952864 2.3645299809821343 
102.5 5.026337448557167 5.072090067856712 4.980584829257623 
103.5 5.065102880655908 5.102042716527195 5.028163044784621 
104.5 1.7925925925921675 1.8368074775682095 1.7483777076161255 
105.5 0.15860082304526982 0.16984119297261577 0.14736045311792387 
106.5 0.0028395061728395065 0.003906294765170019 0.0017727175805089946 
107.5 0.0 0.0 0.0 
108.5 0.0 0.0 0.0 
109.5 0.0 0.0 0.0 
110.5 0.0 0.0 0.0 
111.5 0.0 0.0 0.0 
112.5 0.0 0.0 0.0 
113.5 0.0 0.0 0.0 
114.5 0.0 0.0 0.0 
115.5 0.0 0.0 0.0 
116.5 0.0 0.0 0.0 
117.5 0.0 0.0 0.0 
118.5 0.0 0.0 0.0 
119.5 0.0 0.0 0.0 
120.5 0.0 0.0 0.0 
121.5 0.0 0.0 0.0 
122.5 0.0 0.0 0.0 
123.5 0.0 0.0 0.0 
124.5 0.0 0.0 0.0 
125.5 0.0 0.0 0.0 
126.5 0.0 0.0 0.0 
127.5 0.0 0.0 0.0 
128.5 0.0 0.0 0.0 
129.5 0.0 0.0 0.0 
130.5 0.0 0.0 0.0 
131.5 0.0 0.0 0.0 
132.5 0.0 0.0 0.0 
133.5 0.0 0.0 0.0 
134.5 0.0008230452674897119 0.0012886299793820888 0.00035746055559733494 
