45.5 0.04629629629629602 0.046925804878221046 0.045666787714371 
46.5 0.12390946502057737 0.12520559800395384 0.1226133320372009 
47.5 0.1623868312757226 0.16329591448701375 0.16147774806443144 
48.5 0.24242798353909958 0.2464730647299419 0.23838290234825726 
49.5 0.7265843621399326 0.7327853951488628 0.7203833291310024 
50.5 1.0525102880658948 1.0620072818349788 1.0430132942968107 
51.5 1.0112757201646838 1.0259715155084421 0.9965799248209255 
52.5 1.2120576131686727 1.2203242005131874 1.203791025824158 
53.5 1.0767901234568256 1.0804855875425259 1.0730946593711252 
54.5 1.0427983539095222 1.0432528955151674 1.042343812303877 
55.5 0.9381481481482172 0.9412139227214179 0.9350823735750166 
56.5 1.1890534979423502 1.1931111194583783 1.184995876426322 
57.5 1.1210699588477435 1.1234751669458822 1.1186647507496048 
58.5 1.1331275720164602 1.1367653017498915 1.1294898422830288 
59.5 1.0327983539095287 1.0401681716561983 1.025428536162859 
60.5 1.1119341563786136 1.1176987057363397 1.1061696070208875 
61.5 1.1575308641975144 1.1609088609656162 1.1541528674294126 
62.5 1.118971193415646 1.1236629124112136 1.1142794744200786 
63.5 1.0857613168724576 1.0913830835759104 1.0801395501690048 
64.5 1.1238683127572069 1.127218117106994 1.1205185084074198 
65.5 1.1229218106995942 1.1323295817376406 1.1135140396615477 
66.5 1.131769547325103 1.1379885788845054 1.1255505157657006 
67.5 1.1133744855967198 1.1232881674852675 1.1034608037081721 
68.5 1.1351028806584342 1.1389404257536992 1.1312653355631692 
69.5 1.11374485596709 1.1221219447729034 1.1053677671612765 
70.5 1.1274485596707848 1.1308955377105145 1.1240015816310551 
71.5 1.1257613168724319 1.136692801977105 1.1148298317677587 
72.5 1.1149794238683237 1.125746070330828 1.1042127774058195 
73.5 1.1183950617284037 1.1358067005918482 1.1009834228649593 
74.5 1.1042798353909642 1.1165695576875856 1.0919901130943428 
75.5 1.1284362139917719 1.1351145556461217 1.121757872337422 
76.5 1.1426337448559603 1.1448475683384796 1.140419921373441 
77.5 1.105226337448577 1.112972588356129 1.0974800865410248 
78.5 1.1087242798354058 1.111704908471162 1.1057436511996495 
79.5 1.1260082304526786 1.1365063333498482 1.115510127555509 
80.5 1.1248971193415682 1.1346141090280402 1.1151801296550963 
81.5 1.1184362139917783 1.1222485220010001 1.1146239059825565 
82.5 1.096008230452698 1.1025722422139725 1.0894442186914233 
83.5 1.126213991769551 1.1352352587521921 1.11719272478691 
84.5 1.1394238683127524 1.1476664519653321 1.1311812846601728 
85.5 1.102551440329237 1.1063717359556624 1.0987311447028114 
86.5 1.1009876543210075 1.1092975588961256 1.0926777497458895 
87.5 1.1313580246913584 1.133931933460264 1.1287841159224528 
88.5 1.1648559670781682 1.1780846116179315 1.1516273225384048 
89.5 1.1105761316872564 1.1174789255461035 1.1036733378284094 
90.5 1.0618106995885224 1.0669032817891153 1.0567181173879294 
91.5 1.150864197530852 1.1604276506320121 1.1413007444296919 
92.5 1.174609053497915 1.1822489797829299 1.1669691272129001 
93.5 1.171028806584337 1.1734508541513415 1.1686067590173326 
94.5 1.0063374485597516 1.0099188778144053 1.002756019305098 
95.5 1.1518106995884645 1.156302144411389 1.14731925476554 
96.5 1.205802469135755 1.208273661694766 1.2033312765767439 
97.5 1.2390946502056923 1.249489650026295 1.2286996503850895 
98.5 0.9693827160494598 0.9789716349534415 0.9597937971454781 
99.5 1.104897119341581 1.1160357835479373 1.0937584551352248 
100.5 1.2692181069957964 1.2761231085320592 1.2623131054595336 
101.5 1.3327983539093358 1.3417744540512284 1.3238222537674431 
102.5 0.9576543209877283 0.9696370517070857 0.9456715902683709 
103.5 0.9474485596708533 0.9511609409091567 0.9437361784325499 
104.5 1.1926748971193024 1.2000839047196612 1.1852658895189436 
105.5 0.2591769547325133 0.27010332627178807 0.2482505831932385 
106.5 0.005596707818930047 0.006405221510468672 0.004788194127391423 
107.5 0.0 0.0 0.0 
108.5 0.0 0.0 0.0 
109.5 0.0 0.0 0.0 
110.5 0.0 0.0 0.0 
111.5 0.0 0.0 0.0 
112.5 0.0 0.0 0.0 
113.5 0.0 0.0 0.0 
114.5 0.0 0.0 0.0 
115.5 0.0 0.0 0.0 
116.5 0.0 0.0 0.0 
117.5 0.0 0.0 0.0 
118.5 0.0 0.0 0.0 
119.5 0.0 0.0 0.0 
120.5 0.0 0.0 0.0 
121.5 0.0 0.0 0.0 
122.5 0.0 0.0 0.0 
123.5 0.0 0.0 0.0 
124.5 0.0 0.0 0.0 
125.5 0.0 0.0 0.0 
126.5 0.0 0.0 0.0 
127.5 0.0 0.0 0.0 
128.5 0.0 0.0 0.0 
129.5 0.0 0.0 0.0 
130.5 0.0 0.0 0.0 
131.5 0.0 0.0 0.0 
132.5 0.0 0.0 0.0 
133.5 0.0 0.0 0.0 
134.5 0.0008230452674897119 0.000881243356476259 0.0007648471785031649 
