45.5 0.06584362139917638 0.0665587714895872 0.06512847130876555 
46.5 0.11888888888888997 0.11915558603697261 0.11862219174080733 
47.5 0.17930041152263673 0.18128939028372232 0.17731143276155115 
48.5 0.5252674897118974 0.5267363430697228 0.523798636354072 
49.5 1.0027160493827978 1.0101501576382632 0.9952819411273324 
50.5 0.4671193415637492 0.4688575071672009 0.46538117596029743 
51.5 0.4660905349793873 0.46954781497602993 0.46263325498274466 
52.5 1.6282304526745779 1.6457993366582342 1.6106615686909216 
53.5 1.5777777777774908 1.5902638112287775 1.5652917443262042 
54.5 0.7882716049383024 0.7930125171437076 0.7835306927328972 
55.5 0.6328806584362048 0.6345744128088189 0.6311869040635907 
56.5 1.176584362139889 1.178284105055778 1.1748846192240001 
57.5 1.463868312756988 1.4730724467875627 1.4546641787264134 
58.5 1.0847736625514706 1.0947047533464744 1.0748425717564667 
59.5 0.8910699588477936 0.9006632920113078 0.8814766256842794 
60.5 1.0681481481481891 1.0803097386232674 1.055986557673111 
61.5 1.2539917695472467 1.2586290289209627 1.2493545101735306 
62.5 1.1548559670781746 1.1653859620409832 1.144325972115366 
63.5 1.051563786008282 1.0578655937577075 1.0452619782588566 
64.5 1.0861316872428277 1.0948650856919717 1.0773982887936837 
65.5 1.1519341563785879 1.1561102494600575 1.1477580632971183 
66.5 1.1287654320987675 1.1295655235430149 1.12796534065452 
67.5 1.1276131687242825 1.132933123493396 1.1222932139551691 
68.5 1.1185185185185271 1.1267058541390598 1.1103311828979945 
69.5 1.1212345679012414 1.1248226110659696 1.1176465247365133 
70.5 1.091358024691384 1.0982870198520722 1.084429029530696 
71.5 1.1465432098765338 1.1538560492896066 1.139230370463461 
72.5 1.1546913580246767 1.1627875886829044 1.146595127366449 
73.5 1.0763374485597066 1.0898292417992081 1.062845655320205 
74.5 1.0899588477366524 1.0972238250018396 1.0826938704714653 
75.5 1.1597530864197352 1.1675324970524328 1.1519736757870376 
76.5 1.1632098765431897 1.169712194608501 1.1567075584778785 
77.5 1.080041152263408 1.0888498516748175 1.0712324528519983 
78.5 1.0588477366255613 1.0683259882473555 1.0493694850037671 
79.5 1.1580658436213824 1.1631604206965838 1.152971266546181 
80.5 1.1904115226337073 1.196814105983343 1.1840089392840716 
81.5 1.071810699588516 1.0741320666298593 1.0694893325471726 
82.5 1.0419753086420331 1.0441998159262686 1.0397508013577976 
83.5 1.1773251028806293 1.1875107660859328 1.1671394396753259 
84.5 1.2145679012345147 1.2306296248848771 1.1985061775841523 
85.5 1.0319753086420396 1.0377474912235474 1.0262031260605318 
86.5 1.0162962962963686 1.0330030002263961 0.999589592366341 
87.5 1.1967901234567484 1.2188030842184705 1.1747771626950263 
88.5 1.2793415637859133 1.2888823235549358 1.2698008040168909 
89.5 1.0664609053498364 1.0837772574989826 1.0491445532006902 
90.5 0.8888888888889453 0.9014661409020469 0.8763116368758438 
91.5 1.1609465020575944 1.1778191307826766 1.1440738733325122 
92.5 1.4726748971191224 1.4826834456845606 1.4626663485536842 
93.5 1.1156790123456894 1.131140548055995 1.1002174766353838 
94.5 0.7433333333333524 0.7484425156894567 0.738224150977248 
95.5 1.0196296296297018 1.0235193349460507 1.015739924313353 
96.5 1.6755967078185805 1.6824551988987406 1.6687382167384204 
97.5 1.3363786008229137 1.346937504983757 1.3258196966620703 
98.5 0.5595473251028528 0.5679914647102167 0.5511031854954889 
99.5 0.7756790123457065 0.7816416898772385 0.7697163348141745 
100.5 1.8313991769542828 1.8485356237743025 1.814262730134263 
101.5 1.7097942386827558 1.7235493173089615 1.69603916005655 
102.5 0.44518518518515265 0.4629048547368362 0.42746551563346913 
103.5 0.38419753086417674 0.39423530942444585 0.37415975230390763 
104.5 1.2956790123455737 1.323267853106493 1.2680901715846544 
105.5 0.6986419753086497 0.7167748599064175 0.6805090907108818 
106.5 0.03213991769547328 0.03602613839270058 0.028253696998245977 
107.5 0.0 0.0 0.0 
108.5 0.0 0.0 0.0 
109.5 0.0 0.0 0.0 
110.5 0.0 0.0 0.0 
111.5 0.0 0.0 0.0 
112.5 0.0 0.0 0.0 
113.5 0.0 0.0 0.0 
114.5 0.0 0.0 0.0 
115.5 0.0 0.0 0.0 
116.5 0.0 0.0 0.0 
117.5 0.0 0.0 0.0 
118.5 0.0 0.0 0.0 
119.5 0.0 0.0 0.0 
120.5 0.0 0.0 0.0 
121.5 0.0 0.0 0.0 
122.5 0.0 0.0 0.0 
123.5 0.0 0.0 0.0 
124.5 0.0 0.0 0.0 
125.5 0.0 0.0 0.0 
126.5 0.0 0.0 0.0 
127.5 0.0 0.0 0.0 
128.5 0.0 0.0 0.0 
129.5 0.0 0.0 0.0 
130.5 0.0 0.0 0.0 
131.5 0.0 0.0 0.0 
132.5 0.0 0.0 0.0 
133.5 0.0 0.0 0.0 
134.5 0.0018518518518518517 0.001952653898879966 0.0017510498048237374 
