45.5 0.35049382716047955 0.3532562446825923 0.3477314096383668 
46.5 0.2898353909464995 0.2933581785282326 0.28631260336476644 
47.5 0.20621399176955113 0.2082855494565723 0.20414243408252997 
48.5 0.12518518518518648 0.12680744060448093 0.12356292976589203 
49.5 0.1579835390946525 0.16111706169889975 0.15485001649040522 
50.5 0.42522633744853094 0.42658747616528303 0.42386519873177886 
51.5 0.5872016460905142 0.594351015434969 0.5800522767460593 
52.5 1.7217695473247236 1.7369409530749895 1.7065981415744578 
53.5 2.1591358024684753 2.1727096879968686 2.145561916940082 
54.5 1.2626748971192574 1.2703757600895669 1.254974034148948 
55.5 0.8498353909465485 0.8530426284392898 0.8466281534538072 
56.5 1.1455967078189213 1.1480849739025132 1.1431084417353294 
57.5 1.5027160493824774 1.5073758959022612 1.4980562028626936 
58.5 1.271687242798264 1.2861832407475013 1.2571912448490266 
59.5 1.0057201646091318 1.017048778047226 0.9943915511710377 
60.5 1.0639094650206198 1.0773703445794482 1.0504485854617913 
61.5 1.20123456790119 1.208017579515354 1.194451556287026 
62.5 1.1858024691357678 1.202816528908328 1.1687884093632077 
63.5 1.093497942386856 1.104506307448908 1.082489577324804 
64.5 1.0755555555555918 1.0889542673906667 1.0621568437205169 
65.5 1.1223045267489773 1.1331093275947146 1.11149972590324 
66.5 1.1167901234567998 1.121741751484935 1.1118384954286646 
67.5 1.0781893004115572 1.0839113890834302 1.0724672117396843 
68.5 1.082839506172871 1.0871173626321 1.078561649713642 
69.5 1.088395061728423 1.1027117916191045 1.0740783318377416 
70.5 1.101646090534999 1.1075318713345939 1.095760309735404 
71.5 1.147283950617274 1.1516488072912623 1.1429190939432858 
72.5 1.1266255144032955 1.1364764757858075 1.1167745530207835 
73.5 1.0773251028806936 1.0929998482037269 1.0616503575576604 
74.5 1.0909053497942651 1.1032528119425764 1.0785578876459538 
75.5 1.126213991769551 1.139301317358711 1.1131266661803911 
76.5 1.1274485596707848 1.1332482554735888 1.121648863867981 
77.5 1.089835390946529 1.096615655643774 1.083055126249284 
78.5 1.0611934156379055 1.0654275016023116 1.0569593296734994 
79.5 1.1330864197530857 1.1412233368164306 1.1249495026897407 
80.5 1.1551440329217957 1.1689256795507883 1.141362386292803 
81.5 1.0891769547325378 1.0939534545279412 1.0844004549371344 
82.5 1.0795061728395399 1.0957378066165364 1.0632745390625433 
83.5 1.1651851851851638 1.179446804714395 1.1509235656559327 
84.5 1.1555144032921658 1.1668877751623803 1.1441410314219513 
85.5 1.044567901234624 1.0475784923717697 1.0415573100974784 
86.5 1.031934156378665 1.0485766730485235 1.0152916397088065 
87.5 1.185555555555521 1.1900624330019804 1.1810486781090617 
88.5 1.2147325102880127 1.2328371678250043 1.196627852751021 
89.5 0.9972427983539908 1.0079640489802448 0.9865215477277368 
90.5 0.9008230452675492 0.9151335044786413 0.8865125860564571 
91.5 1.154897119341549 1.1717697480666311 1.1380244906164667 
92.5 1.3086831275719029 1.3259059274894365 1.2914603276543692 
93.5 0.9988477366255921 1.0165961501126348 0.9810993231385495 
94.5 0.7344855967078359 0.7476054907433277 0.721365702672344 
95.5 1.0232510288066543 1.033307180323966 1.0131948772893427 
96.5 1.4122222222220422 1.416940576430125 1.4075038680139593 
97.5 1.0611934156379055 1.0750771671645234 1.0473096641112876 
98.5 0.5359670781892665 0.544803418826068 0.527130737552465 
99.5 0.7581069958847966 0.7638996794583781 0.752314312311215 
100.5 1.4697119341561613 1.4839679715358525 1.4554558967764701 
101.5 1.222304526748913 1.2299948267199494 1.2146142267778766 
102.5 0.4362139917695165 0.4479097806810761 0.42451820285795683 
103.5 0.46193415637856505 0.4798361950530896 0.4440321177040405 
104.5 1.456954732510079 1.4987014269821657 1.415208038037992 
105.5 1.0197942386831997 1.0322502613415572 1.0073382160248423 
106.5 0.09551440329218142 0.10830726464385403 0.0827215419405088 
107.5 0.014403292181069992 0.015339901784093949 0.013466682578046035 
108.5 0.015843621399176996 0.017298573623840678 0.014388669174513313 
109.5 0.013868312757201679 0.013926510846188227 0.013810114668215131 
110.5 0.015596707818930078 0.01609395250920146 0.015099463128658695 
111.5 0.01567901234567905 0.016687032815960196 0.014670991875397905 
112.5 0.015473251028806622 0.01684183449780382 0.014104667559809426 
113.5 0.015432098765432134 0.016658408594712085 0.014205788936152184 
114.5 0.014403292181069992 0.01485783378671556 0.013948750575424424 
115.5 0.015102880658436249 0.015600125348707632 0.014605635968164866 
116.5 0.015432098765432134 0.015894031776144967 0.0149701657547193 
117.5 0.014773662551440364 0.01641253561742719 0.013134789485453538 
118.5 0.015432098765432134 0.01685408662906761 0.014010110901796657 
119.5 0.015144032921810735 0.016482588968501324 0.013805476875120147 
120.5 0.016460905349794278 0.017450272862565584 0.015471537837022974 
121.5 0.015185185185185223 0.01722378042411541 0.013146589946255038 
122.5 0.015349794238683165 0.015940440333103222 0.014759148144263108 
123.5 0.01473251028806588 0.01624566060171611 0.013219359974415649 
124.5 0.015102880658436249 0.01548451104919739 0.014721250267675108 
125.5 0.015843621399176992 0.01613461184410973 0.015552630954244256 
126.5 0.015473251028806622 0.015980610206005715 0.014965891851607528 
127.5 0.01460905349794242 0.015164227883260613 0.014053879112624228 
128.5 0.016954732510288107 0.018231116248499702 0.015678348772076512 
129.5 0.014403292181069992 0.015382335576409117 0.013424248785730867 
130.5 0.014567901234567936 0.015794211063847884 0.013341591405287985 
131.5 0.016707818930041196 0.01851758299813141 0.014898054861950982 
132.5 0.014855967078189336 0.015237597468950478 0.014474336687428195 
133.5 0.016872427983539138 0.018764537272851513 0.014980318694226762 
134.5 0.1100411522633753 0.11100976150583951 0.10907254302091109 
