   0.00000000000000e+00   0.00000000000000e+00   0.00000000000000e+00
   7.45311055276382e-04   0.00000000000000e+00   0.00000000000000e+00
   1.49062211055276e-03   0.00000000000000e+00   1.49062211055276e-03
   2.23593316582915e-03   0.00000000000000e+00  6.49844543974992e-320
   2.98124422110553e-03   0.00000000000000e+00  4.68814782307034e-310
   3.72655527638191e-03   0.00000000000000e+00  6.92901410953484e-310
   4.47186633165829e-03   0.00000000000000e+00   0.00000000000000e+00
   5.21717738693467e-03   0.00000000000000e+00   0.00000000000000e+00
   5.96248844221106e-03   0.00000000000000e+00   6.04208641271754e+00
   6.70779949748744e-03   9.37030719779193e-01   5.20465361260050e-02
   7.45311055276382e-03   9.19658745908934e-01   3.38600632808501e-02
   8.19842160804020e-03   9.91080325468430e-01   2.57115504845459e-02
   8.94373266331658e-03   9.67437869198996e-01   2.03595270518282e-02
   9.68904371859296e-03   9.66229484356835e-01   1.61311415682829e-02
   1.04343547738693e-02   9.90494662516817e-01   1.41646453785847e-02
   1.11796658291457e-02   9.95281750595001e-01   1.63419976288608e-02
   1.19249768844221e-02   9.93567373542401e-01   1.43711954536909e-02
   1.26702879396985e-02   9.95683686060472e-01   1.31557104285470e-02
   1.34155989949749e-02   1.00285827606525e+00   1.22541561874796e-02
   1.41609100502513e-02   1.00311731993092e+00   1.13148342668787e-02
   1.49062211055276e-02   9.93279840758171e-01   1.03305901276741e-02
   1.56515321608040e-02   8.63674227408928e-01   8.62054814307386e-03
   1.63968432160804e-02   8.19261782538566e-01   7.66472302292145e-03
   1.71421542713568e-02   7.98161119831060e-01   7.02725847726635e-03
   1.78874653266332e-02   4.85271345931121e-01   4.60690288511478e-03
   1.86327763819095e-02   2.78202070214108e-01   2.97927756223466e-03
   1.93780874371859e-02   3.52775699666154e-01   3.29006462851434e-03
   2.01233984924623e-02   2.48673602133960e-01   2.48409782802365e-03
   2.08687095477387e-02   7.12465526833078e-02   1.14169941786152e-03
   2.16140206030151e-02   1.44679093932324e-02   4.74645284839524e-04
   2.23593316582915e-02   3.98549471349640e-02   7.63826763538937e-04
   2.31046427135678e-02   3.48799380329233e-02   6.89066052603957e-04
   2.38499537688442e-02   1.15111678775221e-02   3.80712362423314e-04
   2.45952648241206e-02   1.58338489846391e-02   4.42053970985128e-04
   2.53405758793970e-02   3.95228046279050e-02   7.07582845787285e-04
   2.60858869346734e-02   5.01020991663135e-02   7.98864270175891e-04
   2.68311979899497e-02   3.34424367368740e-02   6.43530861270833e-04
   2.75765090452261e-02   1.34442706529305e-02   4.00034653831028e-04
   2.83218201005025e-02   8.49074778727897e-03   3.09170252438070e-04
   2.90671311557789e-02   1.67418733433260e-02   4.43260856364811e-04
   2.98124422110553e-02   2.52616704273659e-02   4.54655282787191e-04
   3.05577532663317e-02   2.19453801633578e-02   4.03648636006107e-04
   3.13030643216080e-02   1.08488333136410e-02   2.53910931886612e-04
   3.20483753768844e-02   2.88536170972618e-03   1.14361034840670e-04
   3.27936864321608e-02   2.03933044352798e-03   9.20855906522857e-05
   3.35389974874372e-02   4.79564089066339e-03   1.41077607273098e-04
   3.42843085427136e-02   5.39342252483611e-03   1.46806275316129e-04
   3.50296195979899e-02   3.04708484261541e-03   1.04650658323699e-04
   3.57749306532663e-02   1.35219359082018e-03   6.53509565435266e-05
   3.65202417085427e-02   2.66208679802777e-03   9.06056150963080e-05
   3.72655527638191e-02   6.04309943711884e-03   1.41149777479958e-04
   3.80108638190955e-02   7.97765112078358e-03   1.64910337535060e-04
   3.87561748743719e-02   6.63174029722657e-03   1.45156385157615e-04
   3.95014859296482e-02   3.50779746459918e-03   9.70498092406027e-05
   4.02467969849246e-02   1.38004668166850e-03   5.72796662323560e-05
   4.09921080402010e-02   2.05297856736533e-03   6.87678342481734e-05
   4.17374190954774e-02   4.16514562675903e-03   1.01903412649117e-04
   4.24827301507538e-02   5.38610757780651e-03   1.18015939804797e-04
   4.32280412060302e-02   4.75548807191429e-03   1.07506890475104e-04
   4.39733522613065e-02   2.88488189409561e-03   8.05798047583962e-05
   4.47186633165829e-02   1.10012334466206e-03   4.66466098105989e-05
   4.54639743718593e-02   5.30037249130332e-04   3.02295933128919e-05
   4.62092854271357e-02   1.07936603611954e-03   4.45624030113706e-05
   4.69545964824121e-02   1.36727821966224e-03   5.03510237252452e-05
   4.76999075376884e-02   1.07442189825484e-03   4.31639313509042e-05
   4.84452185929648e-02   6.53484190890721e-04   3.26913978504882e-05
   4.91905296482412e-02   6.78730728523989e-04   3.23973482891162e-05
   4.99358407035176e-02   1.28942151111987e-03   4.62280625487494e-05
   5.06811517587940e-02   1.96085927840446e-03   5.88956382178420e-05
   5.14264628140704e-02   2.08836132523751e-03   6.09649322253649e-05
   5.21717738693467e-02   1.55712625683832e-03   5.02765314355495e-05
   5.29170849246231e-02   8.19691460256124e-04   3.41836134860643e-05
   5.36623959798995e-02   6.01272338438897e-04   2.91358273829675e-05
   5.44077070351759e-02   9.78126614972781e-04   3.68732995245652e-05
   5.51530180904523e-02   1.58773748935877e-03   4.90586315889351e-05
   5.58983291457286e-02   1.91187481265781e-03   5.44246020397719e-05
   5.66436402010050e-02   1.66343635344970e-03   4.92574227201172e-05
   5.73889512562814e-02   1.02845609930021e-03   3.67922154142548e-05
   5.81342623115578e-02   5.26644851550835e-04   2.48002022198383e-05
   5.88795733668342e-02   3.25036570414011e-04   1.90496022869671e-05
   5.96248844221106e-02   3.66779383652329e-04   1.98904705536831e-05
   6.03701954773869e-02   4.55044794822553e-04   2.22158114049612e-05
   6.11155065326633e-02   4.47310846720539e-04   2.18903027785892e-05
   6.18608175879397e-02   3.47172053558077e-04   1.88646825924228e-05
   6.26061286432161e-02   3.67434458126119e-04   1.92043231527020e-05
   6.33514396984925e-02   5.38558055048405e-04   2.34102106521617e-05
   6.40967507537688e-02   7.35339246091348e-04   2.76752137974316e-05
   6.48420618090452e-02   7.73253742049688e-04   2.81391960622689e-05
   6.55873728643216e-02   5.98093521239385e-04   2.39378730517982e-05
   6.63326839195980e-02   4.14803594337036e-04   1.95441363159379e-05
   6.70779949748744e-02   3.74035708846179e-04   1.83232164035584e-05
   6.78233060301508e-02   5.30671872824864e-04   2.16089366793715e-05
   6.85686170854271e-02   7.49692195620772e-04   2.62946299462395e-05
   6.93139281407035e-02   8.40677101483556e-04   2.80300541530699e-05
   7.00592391959799e-02   7.66034924276124e-04   2.62588048102657e-05
   7.08045502512563e-02   5.60110876816462e-04   2.18174499459215e-05
   7.15498613065327e-02   3.40783700593670e-04   1.65836239297150e-05
   7.22951723618090e-02   2.03194603412611e-04   1.25093425697586e-05
   7.30404834170854e-02   1.69909827650118e-04   1.12574336390542e-05
   7.37857944723618e-02   2.15499993443084e-04   1.26578664750806e-05
   7.45311055276382e-02   2.55864646350607e-04   1.38913307794027e-05
   7.52764165829146e-02   2.58550607711707e-04   1.38374978560794e-05
   7.60217276381910e-02   2.64722476608267e-04   1.38687004565013e-05
   7.67670386934673e-02   2.92145390841246e-04   1.45853031474555e-05
   7.75123497487437e-02   3.22461048774893e-04   1.53923459989044e-05
   7.82576608040201e-02   3.34610077648187e-04   1.56634334718513e-05
   7.90029718592965e-02   3.07671325371259e-04   1.48526237021030e-05
   7.97482829145729e-02   2.52501373034472e-04   1.32831385128944e-05
   8.04935939698492e-02   2.32450848172795e-04   1.27042458629148e-05
   8.12389050251256e-02   2.84212483309260e-04   1.40938626938231e-05
   8.19842160804020e-02   3.70995417786930e-04   1.63288958786848e-05
   8.27295271356784e-02   4.46059431718077e-04   1.80924886088014e-05
   8.34748381909548e-02   4.68662852572916e-04   1.85511529531962e-05
   8.42201492462312e-02   4.08118591700170e-04   1.71396622703871e-05
   8.49654603015075e-02   3.00264006389467e-04   1.45627437541045e-05
   8.57107713567839e-02   2.06617218617405e-04   1.20348932334810e-05
   8.64560824120603e-02   1.54775553032647e-04   1.03531558026052e-05
   8.72013934673367e-02   1.46888379077536e-04   1.00072434994301e-05
   8.79467045226131e-02   1.73065878051708e-04   1.09103232050926e-05
   8.86920155778894e-02   2.05177007203754e-04   1.20535631961581e-05
   8.94373266331658e-02   2.19041602288989e-04   1.25533054742543e-05
   9.01826376884422e-02   2.19433036612417e-04   1.25878239037679e-05
   9.09279487437186e-02   2.18030483404362e-04   1.25902146905972e-05
   9.16732597989950e-02   2.15256763517327e-04   1.25969504911489e-05
   9.24185708542714e-02   2.03091604899833e-04   1.23474852519383e-05
   9.31638819095477e-02   1.82958839361461e-04   1.18660477507686e-05
   9.39091929648241e-02   1.78438581072127e-04   1.18493123916692e-05
   9.46545040201005e-02   2.14131940673222e-04   1.30275476719704e-05
   9.53998150753769e-02   2.77088409510608e-04   1.50300840401263e-05
   9.61451261306533e-02   3.31868618235082e-04   1.68273521012727e-05
   9.68904371859296e-02   3.52234745688093e-04   1.76424068648667e-05
   9.76357482412060e-02   3.37409773382024e-04   1.74062731095931e-05
   9.83810592964824e-02   2.91240620807967e-04   1.61812208523068e-05
   9.91263703517588e-02   0.00000000000000e+00   0.00000000000000e+00
   9.98716814070352e-02   0.00000000000000e+00   0.00000000000000e+00
   1.00616992462312e-01   0.00000000000000e+00   0.00000000000000e+00
   1.01362303517588e-01   0.00000000000000e+00   0.00000000000000e+00
   1.02107614572864e-01   0.00000000000000e+00   0.00000000000000e+00
   1.02852925628141e-01   0.00000000000000e+00   0.00000000000000e+00
   1.03598236683417e-01   0.00000000000000e+00   0.00000000000000e+00
   1.04343547738693e-01   0.00000000000000e+00   0.00000000000000e+00
   1.05088858793970e-01   0.00000000000000e+00   0.00000000000000e+00
   1.05834169849246e-01   0.00000000000000e+00   0.00000000000000e+00
   1.06579480904523e-01   0.00000000000000e+00   0.00000000000000e+00
   1.07324791959799e-01   0.00000000000000e+00   0.00000000000000e+00
   1.08070103015075e-01   0.00000000000000e+00   0.00000000000000e+00
   1.08815414070352e-01   0.00000000000000e+00   0.00000000000000e+00
   1.09560725125628e-01   0.00000000000000e+00   0.00000000000000e+00
   1.10306036180905e-01   0.00000000000000e+00   0.00000000000000e+00
   1.11051347236181e-01   0.00000000000000e+00   0.00000000000000e+00
   1.11796658291457e-01   0.00000000000000e+00   0.00000000000000e+00
   1.12541969346734e-01   0.00000000000000e+00   0.00000000000000e+00
   1.13287280402010e-01   0.00000000000000e+00   0.00000000000000e+00
   1.14032591457286e-01   0.00000000000000e+00   0.00000000000000e+00
   1.14777902512563e-01   0.00000000000000e+00   0.00000000000000e+00
   1.15523213567839e-01   0.00000000000000e+00   0.00000000000000e+00
   1.16268524623116e-01   0.00000000000000e+00   0.00000000000000e+00
   1.17013835678392e-01   0.00000000000000e+00   0.00000000000000e+00
   1.17759146733668e-01   0.00000000000000e+00   0.00000000000000e+00
   1.18504457788945e-01   0.00000000000000e+00   0.00000000000000e+00
   1.19249768844221e-01   0.00000000000000e+00   0.00000000000000e+00
   1.19995079899497e-01   0.00000000000000e+00   0.00000000000000e+00
   1.20740390954774e-01   0.00000000000000e+00   0.00000000000000e+00
   1.21485702010050e-01   0.00000000000000e+00   0.00000000000000e+00
   1.22231013065327e-01   0.00000000000000e+00   0.00000000000000e+00
   1.22976324120603e-01   0.00000000000000e+00   0.00000000000000e+00
   1.23721635175879e-01   0.00000000000000e+00   0.00000000000000e+00
   1.24466946231156e-01   0.00000000000000e+00   0.00000000000000e+00
   1.25212257286432e-01   0.00000000000000e+00   0.00000000000000e+00
   1.25957568341709e-01   0.00000000000000e+00   0.00000000000000e+00
   1.26702879396985e-01   0.00000000000000e+00   0.00000000000000e+00
   1.27448190452261e-01   0.00000000000000e+00   0.00000000000000e+00
   1.28193501507538e-01   0.00000000000000e+00   0.00000000000000e+00
   1.28938812562814e-01   0.00000000000000e+00   0.00000000000000e+00
   1.29684123618090e-01   0.00000000000000e+00   0.00000000000000e+00
   1.30429434673367e-01   0.00000000000000e+00   0.00000000000000e+00
   1.31174745728643e-01   0.00000000000000e+00   0.00000000000000e+00
   1.31920056783920e-01   0.00000000000000e+00   0.00000000000000e+00
   1.32665367839196e-01   0.00000000000000e+00   0.00000000000000e+00
   1.33410678894472e-01   0.00000000000000e+00   0.00000000000000e+00
   1.34155989949749e-01   0.00000000000000e+00   0.00000000000000e+00
   1.34901301005025e-01   0.00000000000000e+00   0.00000000000000e+00
   1.35646612060302e-01   0.00000000000000e+00   0.00000000000000e+00
   1.36391923115578e-01   0.00000000000000e+00   0.00000000000000e+00
   1.37137234170854e-01   0.00000000000000e+00   0.00000000000000e+00
   1.37882545226131e-01   0.00000000000000e+00   0.00000000000000e+00
   1.38627856281407e-01   0.00000000000000e+00   0.00000000000000e+00
   1.39373167336683e-01   0.00000000000000e+00   0.00000000000000e+00
   1.40118478391960e-01   0.00000000000000e+00   0.00000000000000e+00
   1.40863789447236e-01   0.00000000000000e+00   0.00000000000000e+00
   1.41609100502513e-01   0.00000000000000e+00   0.00000000000000e+00
   1.42354411557789e-01   0.00000000000000e+00   0.00000000000000e+00
   1.43099722613065e-01   0.00000000000000e+00   0.00000000000000e+00
   1.43845033668342e-01   0.00000000000000e+00   0.00000000000000e+00
   1.44590344723618e-01   0.00000000000000e+00   0.00000000000000e+00
   1.45335655778894e-01   0.00000000000000e+00   0.00000000000000e+00
   1.46080966834171e-01   0.00000000000000e+00   0.00000000000000e+00
   1.46826277889447e-01   0.00000000000000e+00   0.00000000000000e+00
   1.47571588944724e-01   0.00000000000000e+00   0.00000000000000e+00
   1.48316900000000e-01   0.00000000000000e+00   0.00000000000000e+00
