   0.00000000000000e+00   1.00000000000000e+00
   1.00000000000000e+00   1.00000000000000e+00
   2.00000000000000e+00   5.35304581414878e-02
   3.00000000000000e+00   8.01627123661726e-03
   4.00000000000000e+00   1.64008423733232e-03
   5.00000000000000e+00   3.42503587866625e-04
   6.00000000000000e+00   5.65991224070751e-05
   7.00000000000000e+00   1.09952167801214e-05
   8.00000000000000e+00   2.03608698564001e-05
   9.00000000000000e+00   3.56595470195241e-05
   1.00000000000000e+01   4.49097280910929e-05
   1.10000000000000e+01   4.69135965793501e-05
   1.20000000000000e+01   4.34326749401643e-05
   1.30000000000000e+01   3.67024269410685e-05
   1.40000000000000e+01   2.86482574751601e-05
   1.50000000000000e+01   2.06818124604702e-05
   1.60000000000000e+01   1.37036636623391e-05
   1.70000000000000e+01   8.17926672621111e-06
   1.80000000000000e+01   4.23746125134672e-06
   1.90000000000000e+01   1.77031160891876e-06
   2.00000000000000e+01   5.24286164228070e-07
   2.10000000000000e+01   1.77547076811945e-07
   2.20000000000000e+01   4.00683460701540e-07
   2.30000000000000e+01   9.00019338876296e-07
   2.40000000000000e+01   1.44409887023917e-06
   2.50000000000000e+01   1.87516208665400e-06
   2.60000000000000e+01   2.10833098256890e-06
   2.70000000000000e+01   2.12177656208404e-06
   2.80000000000000e+01   1.94131246995952e-06
   2.90000000000000e+01   1.62268239397933e-06
   3.00000000000000e+01   1.23433697483420e-06
   3.10000000000000e+01   8.42819073585103e-07
   3.20000000000000e+01   5.02094856846199e-07
   3.30000000000000e+01   2.47382817222978e-07
   3.40000000000000e+01   9.33318518390852e-08
   3.50000000000000e+01   3.58500295007931e-08
   3.60000000000000e+01   5.65283343864257e-08
   3.70000000000000e+01   1.28450921493161e-07
   3.80000000000000e+01   2.22221237772937e-07
   3.90000000000000e+01   3.11225970876172e-07
   4.00000000000000e+01   3.75455535735456e-07
   4.10000000000000e+01   4.03543327929994e-07
   4.20000000000000e+01   3.93020483608957e-07
   4.30000000000000e+01   3.49061583338100e-07
   4.40000000000000e+01   2.82187274960123e-07
   4.50000000000000e+01   2.05477196550885e-07
   4.60000000000000e+01   1.31833339948128e-07
   4.70000000000000e+01   7.17374974584138e-08
   4.80000000000000e+01   3.17944070664008e-08
   4.90000000000000e+01   1.41770632234292e-08
   5.00000000000000e+01   1.69237643737407e-08
   5.10000000000000e+01   3.49033374250968e-08
   5.20000000000000e+01   6.11820221719582e-08
   5.30000000000000e+01   8.84986929586952e-08
   5.40000000000000e+01   1.10580532918676e-07
   5.50000000000000e+01   1.23097223182308e-07
   5.60000000000000e+01   1.24141611936046e-07
   5.70000000000000e+01   1.14220640698144e-07
   5.80000000000000e+01   9.58255589957734e-08
   5.90000000000000e+01   7.27126360857023e-08
   6.00000000000000e+01   4.90575391882752e-08
   6.10000000000000e+01   2.86469382188049e-08
   6.20000000000000e+01   1.42436280230858e-08
   6.30000000000000e+01   7.21445221441005e-09
   6.40000000000000e+01   7.45378325852610e-09
   6.50000000000000e+01   1.35798876752720e-08
   6.60000000000000e+01   2.33364612559224e-08
   6.70000000000000e+01   3.41035040023802e-08
   6.80000000000000e+01   4.34135110526080e-08
   6.90000000000000e+01   4.93799536300867e-08
   7.00000000000000e+01   5.09712297498511e-08
   7.10000000000000e+01   4.80984342256621e-08
   7.20000000000000e+01   4.15222355936845e-08
   7.30000000000000e+01   3.26160761758995e-08
   7.40000000000000e+01   2.30446485026696e-08
   7.50000000000000e+01   1.44253406711168e-08
   7.60000000000000e+01   8.03592441714279e-09
   7.70000000000000e+01   4.61642040259400e-09
   7.80000000000000e+01   4.29078437447309e-09
   7.90000000000000e+01   6.60959990550375e-09
   8.00000000000000e+01   1.06929759295177e-08
   8.10000000000000e+01   1.54369990053221e-08
   8.20000000000000e+01   1.97395358488514e-08
   8.30000000000000e+01   2.27023571470174e-08
   8.40000000000000e+01   2.37753030041416e-08
   8.50000000000000e+01   2.28221748367760e-08
   8.60000000000000e+01   2.01042040389618e-08
   8.70000000000000e+01   1.61922359168584e-08
   8.80000000000000e+01   1.18305673453566e-08
   8.90000000000000e+01   7.78193989160618e-09
   9.00000000000000e+01   4.68384331854399e-09
   9.10000000000000e+01   2.94144544895969e-09
   9.20000000000000e+01   2.67347871368262e-09
   9.30000000000000e+01   3.71624863208553e-09
   9.40000000000000e+01   5.67978484441598e-09
   9.50000000000000e+01   8.04105818205584e-09
   9.60000000000000e+01   1.02536397811174e-08
   9.70000000000000e+01   1.18519187881391e-08
   9.80000000000000e+01   1.25309122466490e-08
   9.90000000000000e+01   1.21889104684755e-08
   1.00000000000000e+02   1.09282677966752e-08
   1.01000000000000e+02   9.01789814362719e-09
   1.02000000000000e+02   6.82789469195617e-09
   1.03000000000000e+02   4.75098881935875e-09
   1.04000000000000e+02   3.12671161168315e-09
   1.05000000000000e+02   2.18219172010113e-09
   1.06000000000000e+02   1.99916369206960e-09
   1.07000000000000e+02   2.51101666618161e-09
   1.08000000000000e+02   3.52778744004380e-09
   1.09000000000000e+02   4.78201084472055e-09
   1.10000000000000e+02   5.98511455018275e-09
   1.11000000000000e+02   6.88300741924798e-09
   1.12000000000000e+02   7.30064300759085e-09
   1.13000000000000e+02   7.16823682803478e-09
   1.14000000000000e+02   6.52579626455595e-09
   1.15000000000000e+02   5.50687595828581e-09
   1.16000000000000e+02   4.30621321477903e-09
   1.17000000000000e+02   3.13849753718208e-09
   1.18000000000000e+02   2.19660620893541e-09
   1.19000000000000e+02   1.61711094097253e-09
   1.20000000000000e+02   1.45893709253205e-09
   1.21000000000000e+02   1.69818257567832e-09
   1.22000000000000e+02   2.23886990530151e-09
   1.23000000000000e+02   2.93643560385300e-09
   1.24000000000000e+02   3.62859565411351e-09
   1.25000000000000e+02   4.16722149677477e-09
   1.26000000000000e+02   4.44513396995526e-09
   1.27000000000000e+02   4.41313562421252e-09
   1.28000000000000e+02   4.08480519529598e-09
   1.29000000000000e+02   3.52909036269238e-09
   1.30000000000000e+02   2.85304781970721e-09
   1.31000000000000e+02   2.17876153739731e-09
   1.32000000000000e+02   1.61924729061132e-09
   1.33000000000000e+02   1.25795048369080e-09
   1.34000000000000e+02   1.13538864328790e-09
   1.35000000000000e+02   1.24485705280196e-09
   1.36000000000000e+02   1.53726701793203e-09
   1.37000000000000e+02   1.93348703862274e-09
   1.38000000000000e+02   2.34130804186124e-09
   1.39000000000000e+02   2.67354105036147e-09
   1.40000000000000e+02   2.86383082145424e-09
   1.41000000000000e+02   2.87745574588138e-09
   1.42000000000000e+02   2.71550648495465e-09
   1.43000000000000e+02   2.41215846456943e-09
   1.44000000000000e+02   2.02602777911439e-09
   1.45000000000000e+02   1.62760592815268e-09
   1.46000000000000e+02   1.28534756504698e-09
   1.47000000000000e+02   1.05306198739573e-09
   1.48000000000000e+02   9.60849655681933e-10
   1.49000000000000e+02   1.01103049449987e-09
   1.50000000000000e+02   1.17949645843500e-09
   1.51000000000000e+02   1.42188543607715e-09
   1.52000000000000e+02   1.68311160275975e-09
   1.53000000000000e+02   1.90825265012681e-09
   1.54000000000000e+02   2.05267116047521e-09
   1.55000000000000e+02   2.08953574822594e-09
   1.56000000000000e+02   2.01352623418364e-09
   1.57000000000000e+02   1.84031379214209e-09
   1.58000000000000e+02   1.60223104111539e-09
   1.59000000000000e+02   1.34122661931628e-09
   1.60000000000000e+02   1.10061394226318e-09
   1.61000000000000e+02   9.17218034264393e-10
   1.62000000000000e+02   8.15310003680831e-10
   1.63000000000000e+02   8.03267580658014e-10
   1.64000000000000e+02   8.73321609244336e-10
   1.65000000000000e+02   1.00416314499031e-09
   1.66000000000000e+02   1.16570071300851e-09
   1.67000000000000e+02   1.32494719340170e-09
   1.68000000000000e+02   1.45191480530141e-09
   1.69000000000000e+02   1.52449850341475e-09
   1.70000000000000e+02   1.53159360791593e-09
   1.71000000000000e+02   1.47406183524515e-09
   1.72000000000000e+02   1.36356085091539e-09
   1.73000000000000e+02   1.21961764962782e-09
   1.74000000000000e+02   1.06559831847955e-09
   1.75000000000000e+02   9.24367251065429e-10
   1.76000000000000e+02   8.14421959419551e-10
   1.77000000000000e+02   7.47144614864168e-10
   1.78000000000000e+02   7.25561159571900e-10
   1.79000000000000e+02   7.44694092569940e-10
   1.80000000000000e+02   7.93295506031987e-10
   1.81000000000000e+02   8.56509576461830e-10
   1.82000000000000e+02   9.18881126204655e-10
   1.83000000000000e+02   9.67118490717649e-10
   1.84000000000000e+02   9.92127255719507e-10
   1.85000000000000e+02   9.90024645407611e-10
   1.86000000000000e+02   9.62074704418119e-10
   1.87000000000000e+02   9.13700214997154e-10
   1.88000000000000e+02   8.52885125286497e-10
   1.89000000000000e+02   7.88355337631643e-10
   1.90000000000000e+02   7.27911875424544e-10
   1.91000000000000e+02   6.77204413663729e-10
   1.92000000000000e+02   6.39103926029971e-10
   1.93000000000000e+02   6.13694200595614e-10
   1.94000000000000e+02   5.98782614908825e-10
   1.95000000000000e+02   5.90750420381298e-10
   1.96000000000000e+02   5.85529508973793e-10
   1.97000000000000e+02   5.79503228554684e-10
   1.98000000000000e+02   5.70173093395041e-10
   1.99000000000000e+02   5.56497803052503e-10
   2.00000000000000e+02   5.38882405866147e-10
   2.01000000000000e+02   5.18862068554589e-10
   2.02000000000000e+02   4.98577471982490e-10
   2.03000000000000e+02   4.80170528816682e-10
   2.04000000000000e+02   4.65235753382773e-10
   2.05000000000000e+02   4.54443347758889e-10
   2.06000000000000e+02   4.47408174658351e-10
   2.07000000000000e+02   4.42822069793102e-10
   2.08000000000000e+02   4.38807027669111e-10
   2.09000000000000e+02   4.33397012847717e-10
   2.10000000000000e+02   4.25028373168839e-10
   2.11000000000000e+02   4.12920106530915e-10
   2.12000000000000e+02   3.97255411163189e-10
   2.13000000000000e+02   3.79127281413243e-10
   2.14000000000000e+02   3.60269936996373e-10
   2.15000000000000e+02   3.42649153613038e-10
   2.16000000000000e+02   3.28015099281646e-10
   2.17000000000000e+02   3.17524200812535e-10
   2.18000000000000e+02   3.11512867198531e-10
   2.19000000000000e+02   3.09463736709708e-10
   2.20000000000000e+02   3.10156953958481e-10
   2.21000000000000e+02   3.11957642830095e-10
   2.22000000000000e+02   3.13165707879075e-10
   2.23000000000000e+02   3.12349253485805e-10
   2.24000000000000e+02   3.08596267243700e-10
   2.25000000000000e+02   3.01644475089944e-10
   2.26000000000000e+02   2.91878451169332e-10
   2.27000000000000e+02   2.80209087189584e-10
   2.28000000000000e+02   2.67868968099441e-10
   2.29000000000000e+02   2.56166689142951e-10
   2.30000000000000e+02   2.46244616120705e-10
   2.31000000000000e+02   2.38879962995353e-10
   2.32000000000000e+02   2.34360097035408e-10
   2.33000000000000e+02   2.32450771904259e-10
   2.34000000000000e+02   2.32461228445006e-10
   2.35000000000000e+02   2.33393824935119e-10
   2.36000000000000e+02   2.34150086842573e-10
   2.37000000000000e+02   2.33752887089908e-10
   2.38000000000000e+02   2.31539329213993e-10
   2.39000000000000e+02   2.27283351087928e-10
   2.40000000000000e+02   2.21221440704200e-10
   2.41000000000000e+02   2.13976601533365e-10
   2.42000000000000e+02   2.06399680983660e-10
   2.43000000000000e+02   1.99367008198978e-10
   2.44000000000000e+02   1.93583348936928e-10
   2.45000000000000e+02   1.89436485033230e-10
   2.46000000000000e+02   1.86935001309267e-10
   2.47000000000000e+02   1.85738429621584e-10
   2.48000000000000e+02   1.85265285074051e-10
   2.49000000000000e+02   1.84846364782476e-10
   2.50000000000000e+02   1.83882608334805e-10
   2.51000000000000e+02   1.81970152772118e-10
   2.52000000000000e+02   1.78967778036088e-10
   2.53000000000000e+02   1.74999087589136e-10
   2.54000000000000e+02   1.70398140630334e-10
   2.55000000000000e+02   1.65618563656930e-10
   2.56000000000000e+02   1.61130416770652e-10
   2.57000000000000e+02   1.57326788736856e-10
   2.58000000000000e+02   1.54455587471125e-10
   2.59000000000000e+02   1.52584223377991e-10
   2.60000000000000e+02   1.51598188244599e-10
   2.61000000000000e+02   1.51229935564236e-10
   2.62000000000000e+02   1.51111694350185e-10
   2.63000000000000e+02   1.50843941957265e-10
   2.64000000000000e+02   1.50069431133919e-10
   2.65000000000000e+02   1.48540913403488e-10
   2.66000000000000e+02   1.46169913900310e-10
   2.67000000000000e+02   1.43045392576219e-10
   2.68000000000000e+02   1.39415777837977e-10
   2.69000000000000e+02   1.35635458989421e-10
   2.70000000000000e+02   1.32085755772396e-10
   2.71000000000000e+02   1.29088011230672e-10
   2.72000000000000e+02   1.26830040691708e-10
   2.73000000000000e+02   1.25324971998354e-10
   2.74000000000000e+02   1.24413597381474e-10
   2.75000000000000e+02   1.23809771692204e-10
   2.76000000000000e+02   1.23176570832184e-10
   2.77000000000000e+02   1.22212541587852e-10
   2.78000000000000e+02   1.20725055733358e-10
   2.79000000000000e+02   1.18672177971375e-10
   2.80000000000000e+02   1.16164028625919e-10
   2.81000000000000e+02   1.13426210053923e-10
   2.82000000000000e+02   1.10737830445367e-10
   2.83000000000000e+02   1.08362137073794e-10
   2.84000000000000e+02   1.06487589390521e-10
   2.85000000000000e+02   1.05192122748180e-10
   2.86000000000000e+02   1.04435607959506e-10
   2.87000000000000e+02   1.04077852971672e-10
   2.88000000000000e+02   1.03914162358707e-10
   2.89000000000000e+02   1.03718487442823e-10
   2.90000000000000e+02   1.03285213291294e-10
   2.91000000000000e+02   1.02463326873501e-10
   2.92000000000000e+02   1.01179557411953e-10
   2.93000000000000e+02   9.94490289772330e-11
   2.94000000000000e+02   9.73728416163202e-11
   2.95000000000000e+02   9.51224079024014e-11
   2.96000000000000e+02   9.29112267879146e-11
   2.97000000000000e+02   9.09566747043197e-11
   2.98000000000000e+02   8.94371812099352e-11
   2.99000000000000e+02   8.84528798244438e-11
   3.00000000000000e+02   8.79991128958744e-11
   3.01000000000000e+02   8.79608783580551e-11
   3.02000000000000e+02   8.81321346871314e-11
   3.03000000000000e+02   8.82576668977344e-11
   3.04000000000000e+02   8.80887609682753e-11
   3.05000000000000e+02   8.74393885897543e-11
   3.06000000000000e+02   8.62286656590426e-11
   3.07000000000000e+02   8.44985787970156e-11
   3.08000000000000e+02   8.24025299661834e-11
   3.09000000000000e+02   8.01681348065059e-11
   3.10000000000000e+02   7.80444720919591e-11
   3.11000000000000e+02   7.62475714418689e-11
   3.12000000000000e+02   7.49174043420538e-11
   3.13000000000000e+02   7.40954580801155e-11
   3.14000000000000e+02   7.37257242074272e-11
   3.15000000000000e+02   7.36757362212106e-11
   3.16000000000000e+02   7.37699921513906e-11
   3.17000000000000e+02   7.38266621298698e-11
   3.18000000000000e+02   7.36897658211331e-11
   3.19000000000000e+02   7.32519735825494e-11
   3.20000000000000e+02   7.24664411705844e-11
   3.21000000000000e+02   7.13484774554864e-11
   3.22000000000000e+02   6.99688810892315e-11
   3.23000000000000e+02   6.84407253123408e-11
   3.24000000000000e+02   6.69009630056708e-11
   3.25000000000000e+02   6.54882319459319e-11
   3.26000000000000e+02   6.43190184548676e-11
   3.27000000000000e+02   6.34656298193773e-11
   3.28000000000000e+02   6.29404814096351e-11
   3.29000000000000e+02   6.26911572304751e-11
   3.30000000000000e+02   6.26090325803207e-11
   3.31000000000000e+02   6.25511080361088e-11
   3.32000000000000e+02   6.23709572589465e-11
   3.33000000000000e+02   6.19516199583984e-11
   3.34000000000000e+02   6.12320803840948e-11
   3.35000000000000e+02   6.02202844166943e-11
   3.36000000000000e+02   5.89892138587730e-11
   3.37000000000000e+02   5.76572757248954e-11
   3.38000000000000e+02   5.63586451157395e-11
   3.39000000000000e+02   5.52117968022941e-11
   3.40000000000000e+02   5.42944754436300e-11
   3.41000000000000e+02   5.36308980941970e-11
   3.42000000000000e+02   5.31930059305700e-11
   3.43000000000000e+02   5.29134939213675e-11
   3.44000000000000e+02   5.27054783123534e-11
   3.45000000000000e+02   5.24827881820517e-11
   3.46000000000000e+02   5.21759752834638e-11
   3.47000000000000e+02   5.17415081146513e-11
   3.48000000000000e+02   5.11641806934431e-11
   3.49000000000000e+02   5.04545577591753e-11
   3.50000000000000e+02   4.96438068046826e-11
   3.51000000000000e+02   4.87776604364727e-11
   3.52000000000000e+02   4.79101191673086e-11
   3.53000000000000e+02   4.70966046960505e-11
   3.54000000000000e+02   4.63861452557154e-11
   3.55000000000000e+02   4.58128873166238e-11
   3.56000000000000e+02   4.53883657041230e-11
   3.57000000000000e+02   4.50968380490490e-11
   3.58000000000000e+02   4.48959788715290e-11
   3.59000000000000e+02   4.47240946777440e-11
   3.60000000000000e+02   4.45130503312863e-11
   3.61000000000000e+02   4.42040065245074e-11
   3.62000000000000e+02   4.37617162098130e-11
   3.63000000000000e+02   4.31831460204166e-11
   3.64000000000000e+02   4.24976997112926e-11
   3.65000000000000e+02   4.17588612564586e-11
   3.66000000000000e+02   4.10297611198998e-11
   3.67000000000000e+02   4.03670357442115e-11
   3.68000000000000e+02   3.98077299384892e-11
   3.69000000000000e+02   3.93627739261089e-11
   3.70000000000000e+02   3.90182348502612e-11
   3.71000000000000e+02   3.87429764894681e-11
   3.72000000000000e+02   3.84994878583605e-11
   3.73000000000000e+02   3.82540779592499e-11
   3.74000000000000e+02   3.79834644371793e-11
   3.75000000000000e+02   3.76765577834315e-11
   3.76000000000000e+02   3.73321849680476e-11
   3.77000000000000e+02   3.69548361522359e-11
   3.78000000000000e+02   3.65507975740552e-11
   3.79000000000000e+02   3.61262712491366e-11
   3.80000000000000e+02   3.56877301811479e-11
   3.81000000000000e+02   3.52434819990557e-11
   3.82000000000000e+02   3.48047947523961e-11
   3.83000000000000e+02   3.43852241294806e-11
   3.84000000000000e+02   3.39977946459692e-11
   3.85000000000000e+02   3.36509216439733e-11
   3.86000000000000e+02   3.33448159796821e-11
   3.87000000000000e+02   3.30701664170243e-11
   3.88000000000000e+02   3.28100888290011e-11
   3.89000000000000e+02   3.25449994615590e-11
   3.90000000000000e+02   3.22587886455768e-11
   3.91000000000000e+02   3.19440097744161e-11
   3.92000000000000e+02   3.16040674733783e-11
   3.93000000000000e+02   3.12515055529702e-11
   3.94000000000000e+02   3.09030135597954e-11
   3.95000000000000e+02   3.05730681675910e-11
   3.96000000000000e+02   3.02686651329651e-11
   3.97000000000000e+02   2.99871527118020e-11
   3.98000000000000e+02   2.97179275232903e-11
   3.99000000000000e+02   2.94472087358904e-11
   4.00000000000000e+02   2.91638945616069e-11
   4.01000000000000e+02   2.88641137328309e-11
   4.02000000000000e+02   2.85526614001733e-11
   4.03000000000000e+02   2.82408051151539e-11
   4.04000000000000e+02   2.79414250525062e-11
   4.05000000000000e+02   2.76635119675246e-11
   4.06000000000000e+02   2.74082675735052e-11
   4.07000000000000e+02   2.71683653657266e-11
   4.08000000000000e+02   2.69306351392367e-11
   4.09000000000000e+02   2.66810691015508e-11
   4.10000000000000e+02   2.64101614619963e-11
   4.11000000000000e+02   2.61165247708869e-11
   4.12000000000000e+02   2.58074707880571e-11
   4.13000000000000e+02   2.54964686821472e-11
   4.14000000000000e+02   2.51985864565260e-11
   4.15000000000000e+02   2.49257075116160e-11
   4.16000000000000e+02   2.46832488280809e-11
   4.17000000000000e+02   2.44693670441031e-11
   4.18000000000000e+02   2.42765742284924e-11
   4.19000000000000e+02   2.40947608597204e-11
   4.20000000000000e+02   2.39142162213140e-11
   4.21000000000000e+02   2.37274788511813e-11
   4.22000000000000e+02   2.35295842522043e-11
   4.23000000000000e+02   2.33171363548757e-11
   4.24000000000000e+02   2.30872051624060e-11
   4.25000000000000e+02   2.28370797498380e-11
   4.26000000000000e+02   2.25653766115122e-11
   4.27000000000000e+02   2.22741718355145e-11
   4.28000000000000e+02   2.19710916547703e-11
   4.29000000000000e+02   2.16700270150515e-11
   4.30000000000000e+02   2.13895029412944e-11
   4.31000000000000e+02   2.11486222433665e-11
   4.32000000000000e+02   2.09615647902904e-11
   4.33000000000000e+02   2.08324107935482e-11
   4.34000000000000e+02   2.07522127917474e-11
   4.35000000000000e+02   2.06996535706699e-11
   4.36000000000000e+02   2.06454807830176e-11
   4.37000000000000e+02   2.05596175217671e-11
   4.38000000000000e+02   2.04188926349279e-11
   4.39000000000000e+02   2.02130737693465e-11
   4.40000000000000e+02   1.99474163802725e-11
   4.41000000000000e+02   1.96410632687768e-11
   4.42000000000000e+02   1.93219286537901e-11
   4.43000000000000e+02   1.90197170623802e-11
   4.44000000000000e+02   1.87591284359743e-11
   4.45000000000000e+02   1.85550031306500e-11
   4.46000000000000e+02   1.84103437220930e-11
   4.47000000000000e+02   1.83171679711793e-11
   4.48000000000000e+02   1.82593725200064e-11
   4.49000000000000e+02   1.82164634981480e-11
   4.50000000000000e+02   1.81671666114987e-11
   4.51000000000000e+02   1.80923901402206e-11
   4.52000000000000e+02   1.79774984747417e-11
   4.53000000000000e+02   1.78141118210248e-11
   4.54000000000000e+02   1.76015761743964e-11
   4.55000000000000e+02   1.73479312680897e-11
   4.56000000000000e+02   1.70698678372380e-11
   4.57000000000000e+02   1.67910602197753e-11
   4.58000000000000e+02   1.65385353226909e-11
   4.59000000000000e+02   1.63373586634626e-11
   4.60000000000000e+02   1.62046622315080e-11
   4.61000000000000e+02   1.61445882102638e-11
   4.62000000000000e+02   1.61457953273957e-11
   4.63000000000000e+02   1.61826543412346e-11
   4.64000000000000e+02   1.62202594166506e-11
   4.65000000000000e+02   1.62222174623289e-11
   4.66000000000000e+02   1.61592505775485e-11
   4.67000000000000e+02   1.60162957198496e-11
   4.68000000000000e+02   1.57961530175146e-11
   4.69000000000000e+02   1.55187097849345e-11
   4.70000000000000e+02   1.52160287786612e-11
   4.71000000000000e+02   1.49247219857066e-11
   4.72000000000000e+02   1.46776808653776e-11
   4.73000000000000e+02   1.44972304291626e-11
   4.74000000000000e+02   1.43911812113433e-11
   4.75000000000000e+02   1.43523253551443e-11
   4.76000000000000e+02   1.43609972556036e-11
   4.77000000000000e+02   1.43896813397107e-11
   4.78000000000000e+02   1.44084355845596e-11
   4.79000000000000e+02   1.43900660009815e-11
   4.80000000000000e+02   1.43143587497451e-11
   4.81000000000000e+02   1.41710410749054e-11
   4.82000000000000e+02   1.39613528518912e-11
   4.83000000000000e+02   1.36981450072170e-11
   4.84000000000000e+02   1.34043766055395e-11
   4.85000000000000e+02   1.31099110512263e-11
   4.86000000000000e+02   1.28467289918766e-11
   4.87000000000000e+02   1.26430860164194e-11
   4.88000000000000e+02   1.25176213433684e-11
   4.89000000000000e+02   1.24747581647070e-11
   4.90000000000000e+02   1.25027228018518e-11
   4.91000000000000e+02   1.25750502338524e-11
   4.92000000000000e+02   1.26556076044865e-11
   4.93000000000000e+02   1.27061866091212e-11
   4.94000000000000e+02   1.26949085269854e-11
   4.95000000000000e+02   1.26033406234006e-11
   4.96000000000000e+02   1.24304866030622e-11
   4.97000000000000e+02   1.21926301936349e-11
   4.98000000000000e+02   1.19191336692867e-11
   4.99000000000000e+02   1.16453717628984e-11
   5.00000000000000e+02   1.14046850313054e-11
   5.01000000000000e+02   1.12213685642897e-11
   5.02000000000000e+02   1.11062716267211e-11
   5.03000000000000e+02   1.10557556516166e-11
   5.04000000000000e+02   1.10538328450166e-11
   5.05000000000000e+02   1.10765723047968e-11
   5.06000000000000e+02   1.10974985877101e-11
   5.07000000000000e+02   1.10927491265445e-11
   5.08000000000000e+02   1.10450918558725e-11
   5.09000000000000e+02   1.09463487201548e-11
   5.10000000000000e+02   1.07981520344894e-11
   5.11000000000000e+02   1.06111864393106e-11
   5.12000000000000e+02   1.04031497075726e-11
   5.13000000000000e+02   1.01956859802509e-11
   5.14000000000000e+02   1.00106033993365e-11
   5.15000000000000e+02   9.86583261771107e-12
   5.16000000000000e+02   9.77177704593830e-12
   5.17000000000000e+02   9.72884156986369e-12
   5.18000000000000e+02   9.72687657101909e-12
   5.19000000000000e+02   9.74696191978391e-12
   5.20000000000000e+02   9.76540851968875e-12
   5.21000000000000e+02   9.75921381029328e-12
   5.22000000000000e+02   9.71168497045674e-12
   5.23000000000000e+02   9.61674492094359e-12
   5.24000000000000e+02   9.48067566856214e-12
   5.25000000000000e+02   9.32069902636020e-12
   5.26000000000000e+02   9.16066754976804e-12
   5.27000000000000e+02   9.02496951425794e-12
   5.28000000000000e+02   8.93227443363612e-12
   5.29000000000000e+02   8.89079067523601e-12
   5.30000000000000e+02   8.89626198116924e-12
   5.31000000000000e+02   8.93314281313723e-12
   5.32000000000000e+02   8.97851625123673e-12
   5.33000000000000e+02   9.00762055529434e-12
   5.34000000000000e+02   8.99952337993590e-12
   5.35000000000000e+02   8.94158393824272e-12
   5.36000000000000e+02   8.83179103732081e-12
   5.37000000000000e+02   8.67868097823801e-12
   5.38000000000000e+02   8.49912345683978e-12
   5.39000000000000e+02   8.31466461038421e-12
   5.40000000000000e+02   8.14727477641732e-12
   5.41000000000000e+02   8.01529714873767e-12
   5.42000000000000e+02   7.93022119902092e-12
   5.43000000000000e+02   7.89470403130045e-12
   5.44000000000000e+02   7.90208674575965e-12
   5.45000000000000e+02   7.93749978416355e-12
   5.46000000000000e+02   7.98048245485743e-12
   5.47000000000000e+02   8.00882056848751e-12
   5.48000000000000e+02   8.00303608988187e-12
   5.49000000000000e+02   7.95070551186393e-12
   5.50000000000000e+02   7.84964348126857e-12
   5.51000000000000e+02   7.70906854248564e-12
   5.52000000000000e+02   7.54821846748304e-12
   5.53000000000000e+02   7.39246125805727e-12
   5.54000000000000e+02   7.26761637642914e-12
   5.55000000000000e+02   7.19376144322614e-12
   5.56000000000000e+02   7.18006106398248e-12
   5.57000000000000e+02   7.22200201685249e-12
   5.58000000000000e+02   7.30186316072491e-12
   5.59000000000000e+02   7.39243005998105e-12
   5.60000000000000e+02   7.46311399293639e-12
   5.61000000000000e+02   7.48699913254882e-12
   5.62000000000000e+02   7.44710259127000e-12
   5.63000000000000e+02   7.34035033653868e-12
   5.64000000000000e+02   7.17837131245989e-12
   5.65000000000000e+02   6.98500979143861e-12
   5.66000000000000e+02   6.79122678401357e-12
   5.67000000000000e+02   6.62860959625033e-12
   5.68000000000000e+02   6.52292320965699e-12
   5.69000000000000e+02   6.48901199703492e-12
   5.70000000000000e+02   6.52797774648128e-12
   5.71000000000000e+02   6.62704853989259e-12
   5.72000000000000e+02   6.76203909771873e-12
   5.73000000000000e+02   6.90187606087263e-12
   5.74000000000000e+02   7.01436272142100e-12
   5.75000000000000e+02   7.07219242736100e-12
   5.76000000000000e+02   7.05818127621669e-12
   5.77000000000000e+02   6.96877867710486e-12
   5.78000000000000e+02   6.81513941072149e-12
   5.79000000000000e+02   6.62140984112714e-12
   5.80000000000000e+02   6.42037317969255e-12
   5.81000000000000e+02   6.24714656428294e-12
   5.82000000000000e+02   6.13211125887572e-12
   5.83000000000000e+02   6.09454864713698e-12
   5.84000000000000e+02   6.13843203800326e-12
   5.85000000000000e+02   6.25143958915975e-12
   5.86000000000000e+02   6.40755957711609e-12
   5.87000000000000e+02   6.57280950282458e-12
   5.88000000000000e+02   6.71280390953615e-12
   5.89000000000000e+02   6.80040335197184e-12
   5.90000000000000e+02   6.82161264670162e-12
   5.91000000000000e+02   6.77830543549445e-12
   5.92000000000000e+02   6.68713494585443e-12
   5.93000000000000e+02   6.57494108857308e-12
   5.94000000000000e+02   6.47182874225115e-12
   5.95000000000000e+02   6.40364623801730e-12
   5.96000000000000e+02   6.38570297139691e-12
   5.97000000000000e+02   6.41922100640723e-12
   5.98000000000000e+02   6.49132559200999e-12
   5.99000000000000e+02   6.57853005020385e-12
   6.00000000000000e+02   6.65286920822404e-12
   6.01000000000000e+02   6.68925684603891e-12
   6.02000000000000e+02   6.67239141661260e-12
   6.03000000000000e+02   6.60163510865065e-12
   6.04000000000000e+02   6.49269972541831e-12
   6.05000000000000e+02   6.37559888772385e-12
   6.06000000000000e+02   6.28905808119751e-12
   6.07000000000000e+02   6.27229521608007e-12
   6.08000000000000e+02   6.35568088132260e-12
   6.09000000000000e+02   6.55215372844872e-12
   6.10000000000000e+02   6.85131394454132e-12
   6.11000000000000e+02   7.21779242506372e-12
   6.12000000000000e+02   7.59479837239758e-12
   6.13000000000000e+02   7.91276476864055e-12
   6.14000000000000e+02   8.10190391453387e-12
   6.15000000000000e+02   8.10648262980876e-12
   6.16000000000000e+02   7.89797626236098e-12
   6.17000000000000e+02   7.48416561998423e-12
   6.18000000000000e+02   6.91179713382420e-12
   6.19000000000000e+02   6.26157989680600e-12
   6.20000000000000e+02   5.63583482679427e-12
   6.21000000000000e+02   5.14071623805060e-12
   6.22000000000000e+02   4.86622848602856e-12
   6.23000000000000e+02   4.86794372922334e-12
   6.24000000000000e+02   5.15420618371579e-12
   6.25000000000000e+02   5.68167877070872e-12
   6.26000000000000e+02   6.36052826373992e-12
   6.27000000000000e+02   7.06867394941998e-12
   6.28000000000000e+02   7.67272683027770e-12
   6.29000000000000e+02   8.05188496948208e-12
   6.30000000000000e+02   8.12039271389973e-12
   6.31000000000000e+02   7.84433954219868e-12
   6.32000000000000e+02   7.24953160559085e-12
   6.33000000000000e+02   6.41873748335509e-12
   6.34000000000000e+02   5.47850904170475e-12
   6.35000000000000e+02   4.57767708184330e-12
   6.36000000000000e+02   3.86118967289277e-12
   6.37000000000000e+02   3.44391899475376e-12
   6.38000000000000e+02   3.38922276106331e-12
   6.39000000000000e+02   3.69634633786370e-12
   6.40000000000000e+02   4.29927321196555e-12
   6.41000000000000e+02   5.07760068025050e-12
   6.42000000000000e+02   5.87778067829205e-12
   6.43000000000000e+02   6.54103689614652e-12
   6.44000000000000e+02   6.93285658525191e-12
   6.45000000000000e+02   6.96847489369206e-12
   6.46000000000000e+02   6.62936898261431e-12
   6.47000000000000e+02   5.96739072286525e-12
   6.48000000000000e+02   5.09550511834000e-12
   6.49000000000000e+02   4.16671319431906e-12
   6.50000000000000e+02   3.34509341876109e-12
   6.51000000000000e+02   2.77450412135464e-12
   6.52000000000000e+02   2.55100856938762e-12
   6.53000000000000e+02   2.70439765149611e-12
   6.54000000000000e+02   3.19242724845441e-12
   6.55000000000000e+02   3.90891360704222e-12
   6.56000000000000e+02   4.70413749031484e-12
   6.57000000000000e+02   5.41362920789193e-12
   6.58000000000000e+02   5.88980135154240e-12
   6.59000000000000e+02   6.03036285940019e-12
   6.60000000000000e+02   5.79807407265039e-12
   6.61000000000000e+02   5.22805586756649e-12
   6.62000000000000e+02   4.42122833489087e-12
   6.63000000000000e+02   3.52508359194912e-12
   6.64000000000000e+02   2.70540710036289e-12
   6.65000000000000e+02   2.11430665574633e-12
   6.66000000000000e+02   1.86065914864702e-12
   6.67000000000000e+02   1.98868855633885e-12
   6.68000000000000e+02   2.46889746619034e-12
   6.69000000000000e+02   3.20324687723254e-12
   6.70000000000000e+02   4.04374023552623e-12
   6.71000000000000e+02   4.82093792151130e-12
   6.72000000000000e+02   5.37692694914038e-12
   6.73000000000000e+02   5.59631177377810e-12
   6.74000000000000e+02   5.42909509628098e-12
   6.75000000000000e+02   4.90085152535131e-12
   6.76000000000000e+02   4.10807660029585e-12
   6.77000000000000e+02   3.19953048308498e-12
   6.78000000000000e+02   2.34719626735847e-12
   6.79000000000000e+02   1.71256381929214e-12
   6.80000000000000e+02   1.41490049801961e-12
   6.81000000000000e+02   1.50778428791924e-12
   6.82000000000000e+02   1.96853317156978e-12
   6.83000000000000e+02   2.70260405750159e-12
   6.84000000000000e+02   3.56207516436037e-12
   6.85000000000000e+02   4.37455992002421e-12
   6.86000000000000e+02   4.97687179624970e-12
   6.87000000000000e+02   5.24685631281866e-12
   6.88000000000000e+02   5.12719045689574e-12
   6.89000000000000e+02   4.63653203945418e-12
   6.90000000000000e+02   3.86586642958431e-12
   6.91000000000000e+02   2.96076786836739e-12
   6.92000000000000e+02   2.09301843617387e-12
   6.93000000000000e+02   1.42709132949194e-12
   6.94000000000000e+02   1.08801262534867e-12
   6.95000000000000e+02   1.13687019671876e-12
   6.96000000000000e+02   1.55877784760321e-12
   6.97000000000000e+02   2.26569681845091e-12
   6.98000000000000e+02   3.11362145247513e-12
   6.99000000000000e+02   3.93081059373929e-12
   7.00000000000000e+02   4.55154843676601e-12
   7.01000000000000e+02   4.84879243637047e-12
   7.02000000000000e+02   4.75925026659012e-12
   7.03000000000000e+02   4.29590139104492e-12
   7.04000000000000e+02   3.54545805559092e-12
   7.05000000000000e+02   2.65125290697116e-12
   7.06000000000000e+02   1.78494358662506e-12
   7.07000000000000e+02   1.11265084318761e-12
   7.08000000000000e+02   7.62245745837960e-13
   7.09000000000000e+02   7.98254594855935e-13
   7.10000000000000e+02   1.20931378026377e-12
   7.11000000000000e+02   1.91059877788027e-12
   7.12000000000000e+02   2.76068138056093e-12
   7.13000000000000e+02   3.58943186429778e-12
   7.14000000000000e+02   4.23143662898885e-12
   7.15000000000000e+02   4.55835939977272e-12
   7.16000000000000e+02   4.50392464276224e-12
   7.17000000000000e+02   4.07668071044545e-12
   7.18000000000000e+02   3.35810730220666e-12
   7.19000000000000e+02   2.48649385432468e-12
   7.20000000000000e+02   1.62977837669831e-12
   7.21000000000000e+02   9.52669974554385e-13
   7.22000000000000e+02   5.84475499640555e-13
   7.23000000000000e+02   5.93902376713096e-13
   7.24000000000000e+02   9.75744130766464e-13
   7.25000000000000e+02   1.65203447337121e-12
   7.26000000000000e+02   2.48742780348625e-12
   7.27000000000000e+02   3.31577848938222e-12
   7.28000000000000e+02   3.97269475268331e-12
   7.29000000000000e+02   4.32767083206337e-12
   7.30000000000000e+02   4.30948954301051e-12
   7.31000000000000e+02   3.91992297057687e-12
   7.32000000000000e+02   3.23307840874103e-12
   7.33000000000000e+02   2.38057745088780e-12
   7.34000000000000e+02   1.52555019843658e-12
   7.35000000000000e+02   8.30615914664634e-13
   7.36000000000000e+02   4.26172477000931e-13
   7.37000000000000e+02   3.85208274583139e-13
   7.38000000000000e+02   7.09515576234891e-13
   7.39000000000000e+02   1.32990248617313e-12
   7.40000000000000e+02   2.12023442716515e-12
   7.41000000000000e+02   2.92243664044925e-12
   7.42000000000000e+02   3.57748411881893e-12
   7.43000000000000e+02   3.95629584170649e-12
   7.44000000000000e+02   3.98453591827721e-12
   7.45000000000000e+02   3.65657026466164e-12
   7.46000000000000e+02   3.03597651691420e-12
   7.47000000000000e+02   2.24263155066890e-12
   7.48000000000000e+02   1.42899533213021e-12
   7.49000000000000e+02   7.50274851193495e-13
   7.50000000000000e+02   3.34296580222038e-13
   7.51000000000000e+02   2.56927652132811e-13
   7.52000000000000e+02   5.27769535012322e-13
   7.53000000000000e+02   1.08882416103750e-12
   7.54000000000000e+02   1.82629612716304e-12
   7.55000000000000e+02   2.59313949833812e-12
   7.56000000000000e+02   3.23788149398845e-12
   7.57000000000000e+02   3.63406221906272e-12
   7.58000000000000e+02   3.70455054574656e-12
   7.59000000000000e+02   3.43604224343259e-12
   7.60000000000000e+02   2.88100563788994e-12
   7.61000000000000e+02   2.14681999437473e-12
   7.62000000000000e+02   1.37435859691642e-12
   7.63000000000000e+02   7.10306793962606e-13
   7.64000000000000e+02   2.78678046731005e-13
   7.65000000000000e+02   1.57078213829359e-13
   7.66000000000000e+02   3.62268416348238e-13
   7.67000000000000e+02   8.47703223698608e-13
   7.68000000000000e+02   1.51335496493477e-12
   7.69000000000000e+02   2.22574687129660e-12
   7.70000000000000e+02   2.84417200098192e-12
   7.71000000000000e+02   3.24794004257399e-12
   7.72000000000000e+02   3.35937408973154e-12
   7.73000000000000e+02   3.15817890746853e-12
   7.74000000000000e+02   2.68453048473383e-12
   7.75000000000000e+02   2.03044877880850e-12
   7.76000000000000e+02   1.32128045284105e-12
   7.77000000000000e+02   6.91001691000962e-13
   7.78000000000000e+02   2.56196829800417e-13
   7.79000000000000e+02   9.37650251805295e-14
   7.80000000000000e+02   2.26626122830912e-13
   7.81000000000000e+02   6.20097507342468e-13
   7.82000000000000e+02   1.18951178211129e-12
   7.83000000000000e+02   1.81745224422361e-12
   7.84000000000000e+02   2.37712692291357e-12
   7.85000000000000e+02   2.75724275945820e-12
   7.86000000000000e+02   2.88350142108973e-12
   7.87000000000000e+02   2.73255720584362e-12
   7.88000000000000e+02   2.33580558131514e-12
   7.89000000000000e+02   1.77239883839037e-12
   7.90000000000000e+02   1.15300730930683e-12
   7.91000000000000e+02   5.97640369838033e-13
   7.92000000000000e+02   2.11960799799702e-13
   7.93000000000000e+02   6.67579830701904e-14
   7.94000000000000e+02   1.84557920928208e-13
   7.95000000000000e+02   5.35891203131737e-13
   7.96000000000000e+02   1.04581254969682e-12
   7.97000000000000e+02   1.60925229347385e-12
   7.98000000000000e+02   2.11207520227675e-12
   7.99000000000000e+02   2.45365152379912e-12
