3.8706e-08 7.14716e-10 141.906 3.50313
0.0140295 0.0139558 55.3211 3.14603
0.0386705 0.038669 224757 4.16827
0.282196 0.208407 150.37 3.44339
4.6946e-08 6.48619e-10 164.963 3.41174
0.0386706 0.038669 240632 3.97176
1.68851e-08 6.17494e-10 161.861 4.00107
0.0386706 0.0386692 233860 3.1613
0.2807 0.263455 145.064 3.39181
0.0140405 0.0139124 45.7012 3.93047
0.0636436 0.00033377 1.30084 1.24537
2.13611e-07 7.44869e-10 107.889 3.39744
0.229809 0.000296737 56.7717 1.35707
1.76667e-08 8.18365e-10 126.343 3.48489
0.0232446 0.0224097 120.896 2.99866
4.13402e-08 7.91469e-10 145.128 3.12365
0.0316418 0.0208494 48.5426 3.55152
1.39594e-07 6.70036e-10 161.59 3.89322
0.0343664 0.00924525 1148.24 17.3648
0.000881236 0.000862239 1088.91 18.1452
0.0329315 0.0051092 1248.57 19.5177
0.0858809 0.084064 471.746 8.80166
0.00963326 0.00679702 364.633 12.782
0.0125437 0.0115013 110.109 3.27913
